contests 99 entries 140
           slice  entries  contests  cash_raw  cash  cash_lo  cash_hi  base  excess  excess_lo  excess_hi  own_pct  own_pct_lo  own_pct_hi  pts_pct  pts_pct_lo  pts_pct_hi   roi  roi_lo  roi_hi
             all      140        99     0.471 0.526    0.464    0.588 0.269   0.257      0.194      0.319    0.829       0.808       0.850    0.672       0.642       0.702 1.338   1.105   1.557
      E1_2022-24       84        81     0.607 0.599    0.529    0.667 0.271   0.327      0.258      0.396    0.845       0.825       0.867    0.701       0.669       0.732 1.481   1.217   1.731
      E2_2025-26       56        18     0.268 0.200    0.092    0.300 0.257  -0.057     -0.164      0.049    0.755       0.694       0.819    0.543       0.461       0.622 0.694   0.321   1.091
         2022-24       84        81     0.607 0.599    0.529    0.667 0.271   0.327      0.258      0.398    0.845       0.825       0.867    0.701       0.670       0.732 1.481   1.211   1.727
            2025       11        11     0.273 0.273    0.125    0.429 0.260   0.012     -0.135      0.171    0.843       0.794       0.899    0.624       0.514       0.738 1.000   0.429   1.571
            2026       45         7     0.267 0.086    0.000    0.150 0.253  -0.167     -0.254     -0.101    0.616       0.516       0.748    0.416       0.342       0.495 0.214   0.000   0.375
E2 excl 2026 MME       16        16     0.188 0.188    0.083    0.300 0.258  -0.071     -0.171      0.043    0.794       0.737       0.851    0.550       0.461       0.638 0.688   0.273   1.100
   2026 MME only       40         2     0.300 0.300    0.200    0.400 0.250   0.050     -0.041      0.141    0.440       0.407       0.473    0.490       0.417       0.563 0.750   0.500   1.000
    2026 SE only        5         5     0.000 0.000    0.000    0.000 0.254  -0.254     -0.258     -0.250    0.686       0.554       0.872    0.387       0.259       0.499 0.000   0.000   0.000
E1_2022-24 20MAX       27        25     0.556 0.540    0.423    0.656 0.269   0.271      0.143      0.398    0.891       0.869       0.914    0.694       0.646       0.748 1.190   0.850   1.536
 E1_2022-24 3MAX       24        23     0.667 0.652    0.533    0.770 0.266   0.386      0.268      0.519    0.867       0.836       0.899    0.730       0.677       0.784 1.707   1.133   2.217
   E1_2022-24 DU        2         2     0.000 0.000    0.000    0.000 0.436  -0.436     -0.437     -0.435    0.323       0.075       0.571    0.374       0.222       0.525 0.000   0.000   0.000
   E1_2022-24 SE       31        31     0.645 0.645    0.545    0.762 0.267   0.378      0.263      0.484    0.825       0.797       0.855    0.705       0.651       0.763 1.645   1.175   2.048
E2_2025-26 20MAX       41         3     0.293 0.200    0.100    0.300 0.247  -0.047     -0.141      0.050    0.601       0.440       0.698    0.389       0.301       0.490 0.500   0.250   0.750
 E2_2025-26 3MAX        3         3     0.333 0.333    0.000    0.500 0.262   0.071     -0.263      0.240    0.890       0.849       0.944    0.744       0.632       0.819 1.333   0.000   2.000
   E2_2025-26 SE       12        12     0.167 0.167    0.000    0.286 0.259  -0.092     -0.259      0.028    0.760       0.685       0.830    0.532       0.425       0.637 0.583   0.000   1.000
      E1 excl DU       82        79     0.622 0.614    0.546    0.684 0.267   0.347      0.277      0.415    0.858       0.842       0.875    0.709       0.679       0.740 1.519   1.240   1.776
     season 2022       38        35     0.632 0.614    0.521    0.717 0.270   0.344      0.249      0.445    0.907       0.888       0.929    0.713       0.661       0.763 1.929   1.390   2.432
     season 2023       30        30     0.500 0.500    0.389    0.619 0.273   0.227      0.111      0.346    0.840       0.815       0.865    0.670       0.624       0.715 0.983   0.700   1.250
     season 2024       16        16     0.750 0.750    0.600    0.900 0.271   0.479      0.343      0.632    0.718       0.652       0.794    0.732       0.670       0.801 1.438   1.100   1.786
     season 2025       11        11     0.273 0.273    0.125    0.429 0.260   0.012     -0.135      0.169    0.843       0.793       0.899    0.624       0.511       0.731 1.000   0.429   1.571
     season 2026       45         7     0.267 0.086    0.000    0.150 0.253  -0.167     -0.254     -0.101    0.616       0.516       0.718    0.416       0.337       0.495 0.214   0.000   0.375
           slice  qual_share  qb_own_rank1  qb_own_rank_med  n_top5own  n_lt2own  qb_plus2  punts  studs  sal_left_med  duped
             all       0.664         0.343              2.0       2.06      0.45     0.057   1.14   1.89         100.0  0.457
      E1_2022-24       0.857         0.417              2.0       2.46      0.15     0.083   1.00   1.83         100.0  0.679
      E2_2025-26       0.375         0.232              2.0       1.46      0.89     0.018   1.34   1.96         100.0  0.125
         2022-24       0.857         0.417              2.0       2.46      0.15     0.083   1.00   1.83         100.0  0.679
            2025       0.818         0.091              5.0       3.27      0.09     0.000   1.09   2.00           0.0  0.455
            2026       0.267         0.267              2.0       1.02      1.09     0.022   1.40   1.96         200.0  0.044
E2 excl 2026 MME       0.688         0.062              4.0       2.75      0.31     0.000   1.19   2.06         100.0  0.438
   2026 MME only       0.250         0.300              2.0       0.95      1.12     0.025   1.40   1.92         150.0  0.000
    2026 SE only       0.400         0.000              4.0       1.60      0.80     0.000   1.40   2.20         200.0  0.400
E1_2022-24 20MAX       0.815         0.407              2.0       2.44      0.07     0.111   1.00   1.96         100.0  0.889
 E1_2022-24 3MAX       0.917         0.458              2.0       2.58      0.12     0.042   1.00   1.79         100.0  0.375
   E1_2022-24 DU       0.000         0.500              6.0       1.50      1.50     0.000   1.50   1.50          50.0  0.500
   E1_2022-24 SE       0.903         0.387              2.0       2.45      0.16     0.097   0.97   1.77         100.0  0.742
E2_2025-26 20MAX       0.268         0.293              2.0       1.00      1.10     0.024   1.39   1.90         100.0  0.024
 E2_2025-26 3MAX       1.000         0.000              6.0       3.33      0.00     0.000   1.00   2.00           0.0  0.333
   E2_2025-26 SE       0.583         0.083              4.0       2.58      0.42     0.000   1.25   2.17         100.0  0.417
      E1 excl DU       0.878         0.415              2.0       2.49      0.12     0.085   0.99   1.84         100.0  0.683
     season 2022       0.921         0.658              1.0       2.63      0.16     0.079   0.79   1.68         100.0  0.684
     season 2023       0.900         0.300              2.5       2.33      0.03     0.033   1.07   1.93         100.0  0.567
     season 2024       0.625         0.062              5.0       2.31      0.38     0.188   1.38   2.00           0.0  0.875
     season 2025       0.818         0.091              5.0       3.27      0.09     0.000   1.09   2.00           0.0  0.455
     season 2026       0.267         0.267              2.0       1.02      1.09     0.022   1.40   1.96         200.0  0.044
                     cmp      metric  diff   lo90  hi90  boot_share_le0
                 E1 - E2 excess_cash 0.385  0.251 0.532           0.000
                 E1 - E2     own_pct 0.090  0.022 0.155           0.015
                 E1 - E2     pts_pct 0.158  0.074 0.247           0.001
         E1 - E2(no MME) excess_cash 0.398  0.258 0.543           0.000
         E1 - E2(no MME)     own_pct 0.051 -0.013 0.111           0.095
         E1 - E2(no MME)     pts_pct 0.151  0.056 0.245           0.005
               E1 - 2025 excess_cash 0.315  0.127 0.492           0.002
               E1 - 2025     own_pct 0.002 -0.059 0.056           0.475
               E1 - 2025     pts_pct 0.077 -0.042 0.193           0.141
E1(excl DU) - E2(no MME) excess_cash 0.417  0.280 0.565           0.000
E1(excl DU) - E2(no MME)     own_pct 0.064 -0.001 0.124           0.052
E1(excl DU) - E2(no MME)     pts_pct 0.159  0.068 0.257           0.002
               entries  contests   cash   base  own_pct  pts_pct
era3    ctype                                                   
2022-24 20MAX       27        25  0.556  0.269    0.893    0.694
        3MAX        24        23  0.667  0.266    0.869    0.735
        DU           2         2  0.000  0.436    0.323    0.374
        SE          31        31  0.645  0.267    0.825    0.705
2025    20MAX        1         1  0.000  0.241    0.923    0.186
        3MAX         3         3  0.333  0.262    0.890    0.744
        SE           7         7  0.286  0.262    0.812    0.635
2026    20MAX       40         2  0.300  0.250    0.440    0.490
        SE           5         5  0.000  0.254    0.686    0.387
    era own_band  entries  contests  my_cash  field_cash_same_band_same_contests  my_pts_pct
2022-24      <50        1         1    0.000                               0.276       0.525
2022-24    50-80       23        23    0.565                               0.299       0.612
2022-24     >=80       60        57    0.633                               0.371       0.740
   2025    50-80        4         4    0.000                               0.292       0.547
   2025     >=80        7         7    0.429                               0.376       0.668
   2026      <50       27         4    0.370                               0.203       0.503
   2026    50-80       11         2    0.182                               0.263       0.435
   2026     >=80        7         5    0.000                               0.383       0.454
field cash by own band (all lineups, my contests)
era3     own_band
2022-24  50-80       0.297
         <50         0.219
         >=80        0.365
2025     50-80       0.278
         <50         0.189
         >=80        0.413
2026     50-80       0.268
         <50         0.200
         >=80        0.362
E1_2022-24 n 84 corr(own_pct, cash)=0.223 corr(own_pct, pts_pct)=0.378
E2_2025-26 n 56 corr(own_pct, cash)=-0.134 corr(own_pct, pts_pct)=0.072
          n  contests  my_cash  field_at_my_own_quintile  field_at_top_own_quintile  field_quality_all  my_own_pct_q
era3                                                                                                                
2022-24  72        72    0.611                     0.376                      0.395              0.325         0.783
2025      9         9    0.333                     0.462                      0.547              0.364         0.731
2026     12         4    0.333                     0.356                      0.515              0.388         0.382
             slots  own_mean  own_med  chalk20   low5  own_rank_med  top1_at_pos  sal_mean
era3    pos                                                                               
2022-24 DST     84    16.265   13.913    0.310  0.060           2.0        0.393  2738.095
        QB      84    15.509   13.573    0.298  0.071           2.0        0.417  6588.095
        RB     213    25.842   21.207    0.545  0.028           3.0        0.263  6444.601
        TE      90    13.594   12.740    0.200  0.122           3.0        0.322  3907.778
        WR     285    18.250   17.159    0.375  0.053           5.0        0.144  5902.105
2025    DST     11    15.576   17.598    0.273  0.182           2.0        0.364  2563.636
        QB      11     9.296    8.230    0.091  0.182           5.0        0.091  5936.364
        RB      28    31.046   27.617    0.857  0.000           2.0        0.357  6689.286
        TE      11    10.305    9.280    0.182  0.364           4.0        0.182  3872.727
        WR      38    19.914   17.906    0.447  0.079           4.5        0.184  5947.368
2026    DST     45     8.277    5.197    0.000  0.378           7.0        0.200  3075.556
        QB      45    10.067   10.837    0.000  0.000           2.0        0.267  6471.111
        RB     114    19.150   13.996    0.307  0.193           6.0        0.167  6543.860
        TE      53     6.995    4.974    0.019  0.566           7.0        0.019  4239.623
        WR     148     9.953    9.511    0.061  0.365          15.0        0.081  5539.865
                slots  own_mean  own_med  chalk20   low5  own_rank_med  top1_at_pos  sal_mean
era        pos                                                                               
E1_2022-24 DST     84    16.265   13.913    0.310  0.060           2.0        0.393  2738.095
           QB      84    15.509   13.573    0.298  0.071           2.0        0.417  6588.095
           RB     213    25.842   21.207    0.545  0.028           3.0        0.263  6444.601
           TE      90    13.594   12.740    0.200  0.122           3.0        0.322  3907.778
           WR     285    18.250   17.159    0.375  0.053           5.0        0.144  5902.105
E2_2025-26 DST     16    14.909   14.411    0.188  0.125           2.0        0.375  2900.000
           QB      16     9.397    8.423    0.062  0.125           4.0        0.062  6031.250
           RB      41    31.100   31.481    0.780  0.049           2.0        0.366  6712.195
           TE      18     9.501    9.710    0.111  0.333           4.0        0.111  4166.667
           WR      53    16.616   14.144    0.321  0.208           6.0        0.132  5671.698
